8
-2 -2 -2 
 2 -2 -2 
-2  2 -2 
 2  2 -2 
-2 -2  2 
-2  2  2 
 2 -2  2 
 2  2  2 
12
1 2 3 0 0 1 0 0 -1 0 0 1
4 3 2 0 0 1 0 0 -1 0 0 1
5 1 6 1 0 0 1 0 0 1 0 0
3 6 1 1 0 0 -1 0 0 1 0 0
7 2 8 -1 0 0 -1 0 0 -1 0 0
4 8 2 -1 0 0 -1 0 0 -1 0 0
5 7 1 0 1 0 0 1 0 0 1 0
2 1 7 0 1 0 0 1 0 0 1 0
6 8 3 0 -1 0 0 -1 0 0 -1 0
4 3 8 0 -1 0 0 -1 0 0 -1 0
5 7 6 0 0 -1 0 0 -1 0 0 -1
8 6 7 0 0 -1 0 0 -1 0 0 -1
36
1 0 0 0 1 1
0 1 1 1 0 0
1 0 0 0 1 1
0 1 1 1 0 0
1 0 0 0 1 1
0 1 1 1 0 0
1 0 0 0 1 1
0 1 1 1 0 0
1 0 0 0 1 1
0 1 1 1 0 0
1 0 0 0 1 1
0 1 1 1 0 0
